=~=~=~=~=~=~=~=~=~=~=~= PuTTY log 2025.02.19 10:55:34 =~=~=~=~=~=~=~=~=~=~=~=
73.6616,28.1175,47.7199,49.8330
33.3290,28.2776,28.2271,29.9446
43.7865,30.3406,28.2196,34.1156
28.3679,28.9302,28.2389,28.5124
28.8614,28.7162,6.4413,21.3397
28.1680,59.2148,28.3561,38.5797
28.3142,82.8668,33.6494,28.3357,28.3303,40.2993
28.3765,28.0831,28.1293,28.1963
35.6241,28.3841,28.0272,30.6785
28.3292,28.7431,28.2389,28.4371
28.4099,54.4053,28.3196,37.0449
28.3131,101.3566,50.3418,60.0039
47.7070,48.4499,76.8415,57.6661
45.1378,40.0187,79.6859,54.9475
49.1013,77.8907,84.4384,70.4768
46.5267,47.3233,317.8223,137.2241
37.8322,49.5711,50.7729,46.0587
50.6837,50.2505,49.8882,50.2741
49.4958,48.4929,48.1198,48.7028
49.7807,49.5345,48.4800,49.2651
47.6178,49.5249,48.8229,48.6552
47.9457,47.4813,49.6657,48.3642
317.7965,47.9177,49.1938,138.3027
48.4230,28.6012,48.8971,28.7582,28.3927,36.6144
47.8231,47.3781,46.0215,47.0742
46.5977,46.9589,47.5028,47.0198
48.1843,37.4076,30.3341,38.6420
317.7954,48.3499,43.2673,136.4709
31.9444,32.0885,48.1908,37.4079
48.1929,28.9495,47.3018,41.4814
47.2824,28.2787,36.4906,37.3506
48.1747,28.0379,37.7558,37.9895
47.7221,36.7464,30.7770,38.4152
47.7189,48.2177,28.3690,41.4352
46.5654,45.6742,36.8238,43.0212
48.6305,28.2873,28.4185,35.1121
46.9330,28.2239,28.2690,34.4753
46.9986,28.3690,28.3271,34.5649
49.1508,28.3346,5.5889,27.6914
47.0997,28.4733,28.3443,34.6391
49.2507,28.8667,28.2798,35.4658
47.2835,48.0005,29.1570,41.4803
48.4875,49.8119,38.1439,45.4811
48.9411,48.5982,48.9057,48.8150
317.6868,49.0013,33.8472,133.5118
48.1994,41.8537,46.5633,48.6702,48.6520,46.7877
47.3749,28.3142,28.3056,34.6649
51.2491,28.4066,28.0928,35.9162
51.7877,28.4475,28.6582,36.2978
50.1763,52.7649,36.6733,46.5382
88.5513,89.4199,52.3854,76.7856
89.0824,88.5685,50.7084,76.1198
70.8129,88.5524,87.3183,82.2279
47.6307,89.3146,69.8701,68.9385
65.4949,89.1179,46.6794,67.0974
44.0617,45.7807,37.1291,42.3238
28.4228,44.8787,40.7465,38.0160
28.1207,43.9661,45.2475,39.1114
46.8298,40.7121,46.0129,44.5183
40.9604,35.5715,45.1486,40.5601
45.1357,31.0855,42.9362,39.7191
44.5627,45.8419,28.2744,39.5597
45.4087,43.7780,28.3916,39.1928
30.3739,44.1090,43.6070,39.3633
40.2713,44.5197,43.2620,42.6843
44.0693,45.1142,43.6307,44.2714
30.7609,43.6780,43.2491,39.2293
29.0473,33.4537,43.6318,35.3776
42.7417,42.7503,44.4767,43.3229
43.2523,44.9013,43.6275,43.9270
44.4713,43.6275,43.6866,43.9284
43.6511,45.1529,44.4520,44.4186
28.9097,37.7343,43.1921,36.6121
28.0304,28.3260,43.6339,33.3301
28.4260,28.4152,44.5455,33.7956
28.8248,111.9862,44.5143,61.7751
28.3421,44.4444,44.5175,29.1161,34.2987,36.1438
45.1346,44.5745,39.6349,43.1147
37.7075,44.6594,28.3131,36.8933
28.2132,45.1249,41.8075,38.3819
42.2203,43.3426,45.9677,43.8435
45.5743,46.4611,43.4544,45.1633
44.4100,47.0416,45.2421,45.5646
42.3052,46.2128,44.8379,44.4520
29.1452,37.0313,43.1394,36.4386
317.8126,28.4099,142.5073,162.9099
45.3689,28.3733,31.9197,35.2207
47.7167,47.3964,46.0118,47.0416
77.4058,77.0156,77.0038,77.1417
76.0922,77.3069,76.9973,76.7988
40.9851,40.0983,57.6894,46.2576
33.2291,28.3464,28.2067,29.9274
34.5470,41.1517,32.8023,36.1670
28.4604,63.2267,28.3937,40.0269
28.2088,76.7243,31.5187,45.4840
77.1360,75.9137,34.6201,62.5566
28.1798,53.4733,44.8841,31.9315,34.4911,38.5920
317.7352,28.4453,28.6528,124.9445
36.4422,28.5915,28.2776,31.1038
45.6678,66.6419,28.6152,46.9750
59.6685,76.6727,39.9295,58.7569
60.0318,77.4596,73.5154,70.3356
100.2924,100.2924
