0.00, 1629, 1949
0.22, 1617, 1952
2.45, 1598, 1934
6.67, 1665, 1965
12.00, 1653, 1923
17.78, 1616, 1914
23.34, 1538, 1898
28.67, 1493, 1903
34.23, 1542, 1885
39.57, 1624, 1952
44.90, 1655, 1952
50.24, 1664, 1938
55.57, 1637, 1895
61.13, 1624, 1910
66.46, 1628, 1896
71.80, 1631, 1895
77.13, 1594, 1896
82.47, 1623, 1915
87.58, 1609, 1889
93.36, 1645, 1884
98.47, 1625, 1943
104.03, 1678, 1933
109.14, 1681, 1921
114.48, 1704, 1978
119.81, 1668, 1986
125.15, 1689, 1994
130.48, 1696, 1954
135.81, 1613, 1959
141.15, 1557, 2009
146.48, 1532, 1926
151.82, 1501, 1906
156.93, 1512, 1998
162.27, 1515, 2041
167.82, 1596, 2007
173.16, 1653, 1968
178.49, 1634, 1915
183.61, 1617, 1917
188.94, 1588, 1974
194.27, 1572, 1956
199.83, 1585, 1969
204.94, 1599, 1963
210.72, 1668, 1934
216.06, 1645, 1975
221.17, 1628, 1967
226.28, 1588, 1945
232.06, 1554, 1955
237.18, 1589, 1903
242.73, 1602, 1846
247.84, 1599, 1797
252.96, 1596, 1837
258.51, 1602, 1844
264.07, 1621, 1875
268.96, 1596, 1836
274.52, 1534, 1766
279.85, 1586, 1844
285.19, 1625, 1833
290.75, 1592, 1815
296.08, 1590, 1806
301.19, 1603, 1785
306.53, 1787, 1817
311.86, 2476, 1836
317.42, 2671, 2377
322.75, 2707, 2637
327.87, 2693, 2727
332.98, 2704, 2735
338.76, 2698, 2733
343.87, 2704, 2720
349.21, 2683, 2724
354.76, 2682, 2727
359.88, 2518, 2727
365.21, 1933, 2705
370.54, 1552, 2525
375.88, 1591, 2022
380.99, 1566, 1758
386.55, 1572, 1726
392.11, 1541, 1785
397.00, 1585, 1918
402.78, 1908, 1998
407.89, 2517, 2068
413.00, 2688, 2468
418.34, 2711, 2661
424.12, 2712, 2718
429.23, 2722, 2730
434.56, 2721, 2731
439.67, 2716, 2721
445.45, 2683, 2725
450.57, 2698, 2719
455.68, 2515, 2717
461.01, 1837, 2707
466.57, 1537, 2479
471.68, 1506, 1943
477.02, 1498, 1780
482.35, 1525, 1839
487.91, 1529, 1816
493.24, 1547, 1868
498.58, 1571, 1884
503.69, 1564, 1863
509.47, 1586, 1867
514.81, 1622, 1864
519.92, 1582, 1869
525.25, 1594, 2051
530.81, 1623, 2000
536.15, 1567, 1846
541.26, 1462, 1812
546.15, 1616, 1955
552.15, 1667, 1946
557.48, 1639, 1882
562.82, 1562, 1928
567.93, 1554, 1908
573.27, 1415, 1932
578.60, 1518, 1889
584.16, 1539, 1962
589.49, 1534, 1978
594.83, 1542, 1942
599.94, 1552, 1900
605.28, 1504, 1848
610.61, 1549, 1830
616.17, 1551, 1911
621.28, 1521, 1885
626.84, 1494, 1809
632.17, 1480, 1805
637.51, 1507, 1906
642.40, 1517, 2020
647.95, 1484, 2096
653.29, 1548, 2090
658.62, 1530, 2012
663.96, 1565, 2003
669.51, 1606, 2083
674.63, 1608, 2014
679.96, 1566, 1921
685.07, 1546, 1891
690.85, 1538, 1892
696.19, 1585, 1893
701.52, 1645, 1810
706.64, 1620, 1896
712.19, 1687, 1902
717.08, 1745, 1820
722.64, 1788, 1780
727.98, 1682, 1739
733.53, 1553, 1758
738.64, 1524, 1756
744.20, 1617, 1857
749.54, 1634, 1865
754.87, 1681, 1837
759.98, 1745, 1835
765.32, 1656, 1831
770.65, 1694, 1825
775.99, 1746, 1805
781.55, 1646, 1829
786.88, 1695, 1904
791.99, 1721, 1924
797.55, 1688, 1958
802.88, 1710, 1962
808.22, 1719, 1944
813.55, 1659, 1874
818.67, 1587, 1933
824.00, 1517, 2016
829.34, 1534, 1949
834.67, 1584, 1906
840.23, 1634, 1970
845.34, 1672, 1858
850.68, 1656, 1873
856.23, 1661, 1980
861.57, 1734, 1981
866.68, 1685, 1974
872.01, 1559, 1980
877.35, 1602, 1874
882.91, 1634, 1934
888.24, 1575, 1925
893.58, 1626, 1974
898.91, 1679, 1912
904.25, 1716, 1865
909.36, 1702, 1876
914.69, 1726, 1846
920.25, 1670, 1862
925.36, 1632, 1911
930.47, 1648, 1924
936.25, 1710, 1997
941.59, 1650, 1941
946.92, 1603, 2050
952.04, 1703, 2022
957.59, 1662, 1991
962.93, 1533, 1972
968.26, 1543, 2043
973.60, 1522, 2053
978.93, 1629, 1994
984.04, 1639, 1926
989.60, 1645, 1956
994.94, 1607, 1935
1000.05, 1628, 1996
1005.38, 1563, 1963
1008.27, 1597, 2001
1007.38, 1564, 1956
1003.38, 1577, 1975
997.38, 1632, 2009
991.60, 1607, 1929
986.05, 1610, 1954
980.71, 1606, 1888
975.38, 1605, 2009
970.26, 1503, 2068
964.93, 1533, 2020
959.37, 1556, 1991
954.04, 1672, 1983
948.70, 1699, 2044
943.59, 1602, 2010
938.03, 1667, 1932
932.70, 1699, 1990
927.58, 1631, 1916
922.25, 1644, 1910
916.69, 1664, 1812
911.36, 1730, 1858
906.02, 1702, 1894
900.69, 1706, 1852
895.35, 1653, 1943
890.02, 1622, 1966
884.68, 1584, 1918
879.57, 1628, 1916
874.01, 1587, 1903
868.68, 1555, 1964
863.35, 1705, 1972
858.01, 1725, 1967
852.68, 1644, 1968
847.56, 1655, 1862
842.23, 1658, 1853
836.67, 1619, 1999
831.34, 1570, 1905
826.00, 1500, 1960
820.67, 1531, 2007
815.33, 1617, 1891
810.00, 1677, 1891
804.66, 1732, 1958
799.33, 1700, 1919
793.99, 1676, 1967
788.66, 1705, 1860
783.32, 1685, 1904
778.21, 1672, 1809
772.88, 1721, 1794
767.32, 1683, 1815
761.98, 1670, 1816
756.87, 1727, 1840
751.31, 1645, 1846
745.98, 1634, 1864
740.65, 1620, 1836
735.31, 1533, 1751
729.98, 1566, 1739
724.64, 1688, 1765
719.31, 1776, 1777
713.97, 1734, 1843
708.64, 1673, 1904
703.30, 1624, 1890
698.19, 1633, 1801
692.63, 1547, 1915
687.30, 1537, 1877
681.96, 1551, 1902
676.63, 1553, 1933
671.29, 1594, 2072
665.96, 1588, 2046
660.85, 1557, 2004
655.51, 1505, 2007
650.18, 1548, 2060
644.84, 1477, 2077
639.51, 1530, 1938
633.95, 1495, 1872
628.84, 1474, 1754
623.28, 1491, 1805
618.17, 1516, 1874
613.06, 1550, 1895
607.72, 1554, 1829
602.39, 1541, 1870
597.05, 1544, 1901
591.72, 1527, 1923
586.38, 1525, 1938
580.82, 1538, 1926
575.27, 1454, 1865
569.93, 1427, 1893
564.60, 1578, 1881
559.26, 1575, 1875
553.93, 1624, 1877
548.59, 1617, 1887
543.26, 1550, 1902
537.92, 1559, 1965
532.81, 1599, 1958
527.25, 1612, 2004
521.92, 1575, 2041
516.81, 1617, 1881
511.47, 1553, 1780
506.14, 1577, 1854
500.58, 1555, 1839
495.25, 1576, 1900
489.91, 1573, 1888
484.58, 1552, 1885
479.24, 1537, 1916
473.91, 1595, 1895
468.35, 1568, 2127
463.24, 1515, 2540
457.90, 1909, 2713
452.57, 2531, 2711
447.01, 2701, 2724
441.90, 2687, 2719
436.34, 2722, 2723
431.23, 2722, 2729
425.89, 2714, 2728
420.34, 2703, 2705
415.00, 2705, 2607
409.89, 2661, 2369
404.33, 2463, 1949
399.22, 1745, 1943
393.88, 1565, 1879
388.77, 1566, 1783
383.22, 1563, 1728
377.88, 1564, 1769
372.55, 1552, 2301
367.21, 1533, 2596
361.88, 2087, 2711
356.54, 2553, 2725
351.21, 2695, 2721
345.87, 2686, 2720
340.54, 2696, 2717
335.20, 2693, 2723
329.87, 2694, 2728
324.31, 2693, 2707
319.20, 2709, 2565
313.86, 2625, 2065
308.53, 2322, 1784
303.19, 1666, 1795
297.86, 1599, 1785
292.52, 1575, 1776
287.19, 1579, 1819
281.85, 1617, 1822
276.52, 1594, 1847
271.18, 1593, 1803
265.85, 1652, 1843
260.52, 1585, 1868
255.18, 1582, 1832
249.85, 1617, 1774
244.51, 1579, 1788
239.18, 1597, 1805
233.84, 1567, 1893
228.51, 1528, 1894
223.17, 1594, 1911
217.84, 1619, 1970
212.50, 1638, 1928
206.95, 1643, 1900
201.83, 1609, 1929
196.50, 1541, 1972
190.94, 1575, 2017
185.83, 1618, 1941
180.27, 1603, 1909
175.16, 1645, 1895
169.60, 1597, 1918
164.49, 1539, 1968
159.15, 1464, 2025
153.82, 1491, 1930
148.26, 1515, 1890
142.93, 1527, 1867
137.82, 1556, 1951
132.70, 1630, 1894
127.15, 1650, 1932
121.81, 1620, 1989
116.48, 1675, 1942
111.36, 1712, 1929
105.81, 1674, 1928
100.69, 1661, 1952
95.14, 1654, 1874
90.02, 1626, 1882
84.47, 1590, 1897
79.35, 1583, 1878
73.80, 1559, 1801
68.24, 1610, 1830
63.13, 1629, 1833
58.02, 1571, 1875
52.46, 1595, 1843
47.35, 1589, 1858
41.79, 1620, 1836
36.45, 1595, 1866
30.90, 1533, 1847
25.78, 1514, 1892
20.45, 1563, 1898
15.12, 1590, 1955
9.78, 1626, 1973
4.45, 1590, 1918
-0.89, 1567, 1887
-6.45, 1582, 1873
-8.67, 1468, 1865
-7.34, 1324, 1607
-3.78, 1577, 1866
2.00, 1566, 1894
7.56, 1591, 1921
12.89, 1605, 1966
18.45, 1571, 1935
23.56, 1540, 1887
28.90, 1512, 1874
34.45, 1531, 1851
39.79, 1624, 1895
44.90, 1640, 1862
50.24, 1617, 1892
55.35, 1622, 1871
60.46, 1615, 1913
66.02, 1674, 1881
71.57, 1617, 1864
76.91, 1580, 1837
82.24, 1563, 1867
88.02, 1557, 1834
93.36, 1672, 1907
98.69, 1673, 1915
103.81, 1638, 1957
109.14, 1664, 1939
114.48, 1662, 1909
120.03, 1626, 1945
125.15, 1589, 1951
130.70, 1591, 1896
135.81, 1631, 1878
141.15, 1580, 1888
146.48, 1530, 1865
151.82, 1524, 1893
157.15, 1473, 1988
162.49, 1449, 1992
167.82, 1468, 1938
173.16, 1559, 1931
178.49, 1583, 1905
183.83, 1580, 1910
189.16, 1611, 1881
194.50, 1571, 1944
199.83, 1524, 1919
205.17, 1554, 1905
210.50, 1614, 1960
215.61, 1666, 1959
221.17, 1679, 1940
226.51, 1603, 1889
231.84, 1549, 1876
237.18, 1562, 1864
242.73, 1580, 1818
248.07, 1640, 1799
252.96, 1625, 1838
258.74, 1652, 1871
264.07, 1681, 1899
269.18, 1677, 1860
274.52, 1650, 1857
279.85, 1600, 1853
284.97, 1696, 1850
290.75, 1642, 1780
296.08, 1602, 1780
301.19, 1512, 1787
306.53, 1624, 1798
312.08, 2367, 1822
317.42, 2641, 2369
322.53, 2710, 2636
327.87, 2704, 2715
333.20, 2716, 2734
338.76, 2712, 2734
343.87, 2699, 2729
349.43, 2703, 2721
354.76, 2699, 2727
359.88, 2563, 2724
365.21, 2051, 2707
370.77, 1537, 2543
375.88, 1550, 2063
380.99, 1563, 1814
386.55, 1614, 1854
392.11, 1623, 1858
397.22, 1618, 1923
402.78, 1794, 1965
407.89, 2453, 1974
413.22, 2670, 2451
418.56, 2719, 2671
423.89, 2723, 2728
429.01, 2716, 2728
434.56, 2720, 2724
439.90, 2714, 2715
445.45, 2688, 2722
450.34, 2686, 2726
456.12, 2552, 2716
461.01, 1966, 2700
466.35, 1498, 2495
471.91, 1528, 1978
477.24, 1416, 1715
482.35, 1472, 1885
488.13, 1450, 1817
493.02, 1580, 1887
498.36, 1590, 1973
504.14, 1523, 1905
509.47, 1483, 1909
514.81, 1532, 1893
520.14, 1546, 1932
525.48, 1504, 1936
530.81, 1554, 1960
536.15, 1525, 1909
541.26, 1561, 1944
546.59, 1545, 1914
551.93, 1569, 1862
557.48, 1566, 1843
562.60, 1606, 1875
567.93, 1575, 1847
573.49, 1558, 1853
578.60, 1457, 1859
583.71, 1523, 1910
589.49, 1541, 1914
594.83, 1509, 1919
600.16, 1554, 1885
605.50, 1543, 1847
610.83, 1561, 1884
616.39, 1608, 1885
621.28, 1561, 1926
626.84, 1623, 1936
632.17, 1611, 1948
637.51, 1560, 1987
642.84, 1567, 2041
648.18, 1599, 2148
653.29, 1603, 2166
658.85, 1625, 2145
664.18, 1677, 2086
669.51, 1649, 1970
674.63, 1571, 1903
679.74, 1642, 1897
685.30, 1674, 1914
690.85, 1638, 1863
696.19, 1581, 1867
701.52, 1595, 1875
706.64, 1624, 1842
711.97, 1581, 1837
717.53, 1605, 1851
722.64, 1644, 1873
727.98, 1647, 1885
733.53, 1600, 1828
738.87, 1581, 1884
744.20, 1604, 1927
749.54, 1586, 1905
754.87, 1613, 1866
759.98, 1657, 1891
765.54, 1691, 1930
770.88, 1654, 1967
776.21, 1618, 1846
781.55, 1624, 1770
786.88, 1535, 1874
792.21, 1527, 1906
797.55, 1586, 1816
802.88, 1576, 1862
808.22, 1636, 1897
813.55, 1619, 1908
818.89, 1620, 1940
824.22, 1633, 2016
829.56, 1724, 1946
834.45, 1725, 1845
840.23, 1638, 1901
845.56, 1579, 1835
850.90, 1533, 1927
856.23, 1553, 1898
861.34, 1609, 1944
 866.68, 1618, 1968
872.24, 1549, 1936
877.35, 1530, 1966
882.91, 1586, 1818
888.24, 1608, 1887
893.35, 1584, 1882
898.69, 1596, 1795
904.02, 1671, 1888
909.36, 1679, 1977
914.69, 1706, 1926
920.25, 1663, 1946
925.36, 1651, 1934
930.70, 1604, 1933
936.25, 1570, 1971
941.59, 1571, 1995
946.70, 1540, 1986
952.26, 1554, 1971
957.59, 1624, 1946
962.93, 1637, 2027
968.26, 1622, 1978
973.60, 1630, 2003
978.93, 1712, 1981
984.04, 1706, 2000
989.60, 1640, 1960
994.94, 1678, 1905
1000.27, 1679, 1892
1005.61, 1667, 1878
1008.27, 1674, 1929
1007.16, 1658, 1910
1003.16, 1671, 1872
997.60, 1677, 1891
991.82, 1687, 1901
986.05, 1643, 1968
980.71, 1726, 1982
975.38, 1677, 1985
970.04, 1614, 1982
965.15, 1618, 1980
959.37, 1647, 2000
954.26, 1619, 1940
949.15, 1539, 1990
943.81, 1542, 1972
938.03, 1583, 2010
932.70, 1575, 1964
927.81, 1605, 1951
922.25, 1645, 1913
916.69, 1658, 1909
911.36, 1713, 1939
906.02, 1679, 1960
900.91, 1663, 1856
895.58, 1587, 1812
890.24, 1570, 1880
884.91, 1612, 1881
879.35, 1580, 1817
874.01, 1519, 1978
868.90, 1554, 1925
863.35, 1599, 1954
858.01, 1590, 1928
852.68, 1545, 1906
847.34, 1523, 1919
842.23, 1591, 1833
836.89, 1622, 1865
831.34, 1737, 1847
826.00, 1718, 1992
820.67, 1629, 1990
815.33, 1623, 1937
810.22, 1624, 1896
805.11, 1613, 1895
799.33, 1566, 1827
793.99, 1567, 1823
788.66, 1516, 1912
783.55, 1544, 1842
777.99, 1603, 1770
772.65, 1593, 1866
767.32, 1660, 1967
762.21, 1685, 1924
756.65, 1619, 1858
751.31, 1591, 1866
745.98, 1582, 1917
740.65, 1599, 1921
735.31, 1590, 1870
729.98, 1602, 1817
724.64, 1640, 1884
719.31, 1635, 1878
713.97, 1566, 1833
708.86, 1603, 1810
703.52, 1611, 1840
698.19, 1605, 1865
692.63, 1594, 1885
687.30, 1655, 1900
681.96, 1669, 1899
676.85, 1616, 1890
671.29, 1587, 1905
665.96, 1656, 1990
660.85, 1680, 2133
655.73, 1589, 2154
649.95, 1612, 2160
644.62, 1579, 2137
639.28, 1566, 2009
634.17, 1570, 2019
628.61, 1629, 1949
623.50, 1583, 1948
618.17, 1570, 1894
612.83, 1595, 1901
607.28, 1560, 1874
601.94, 1533, 1836
596.61, 1538, 1881
591.27, 1515, 1934
585.94, 1531, 1904
580.60, 1509, 1881
575.27, 1494, 1831
569.93, 1560, 1829
564.60, 1581, 1866
559.26, 1592, 1874
553.93, 1547, 1833
548.37, 1567, 1914
543.26, 1534, 1912
537.92, 1552, 1907
532.81, 1543, 1922
527.25, 1521, 1940
521.92, 1506, 1917
516.58, 1500, 1887
511.25, 1519, 1900
505.91, 1480, 1914
500.58, 1547, 1918
495.25, 1584, 1936
489.91, 1548, 1910
484.58, 1463, 1814
479.24, 1450, 1814
474.13, 1413, 1694
468.57, 1514, 2102
463.01, 1524, 2562
457.90, 2193, 2719
452.34, 2613, 2712
446.79, 2678, 2735
441.90, 2700, 2719
436.56, 2721, 2723
431.23, 2711, 2729
425.89, 2709, 2717
420.56, 2710, 2718
415.22, 2710, 2605
409.67, 2624, 2316
404.11, 2225, 1927
399.22, 1679, 1953
393.88, 1615, 1902
388.55, 1604, 1825
383.22, 1600, 1845
377.88, 1583, 1817
372.55, 1539, 2318
367.21, 1653, 2606
361.88, 2283, 2709
356.54, 2603, 2722
350.98, 2699, 2725
345.65, 2711, 2729
340.54, 2702, 2725
335.20, 2705, 2724
329.87, 2715, 2730
324.53, 2715, 2718
319.20, 2707, 2548
313.86, 2586, 2104
308.53, 2028, 1791
302.97, 1528, 1796
297.86, 1554, 1782
292.30, 1623, 1748
287.19, 1696, 1825
281.85, 1669, 1835
276.52, 1616, 1873
270.96, 1654, 1863
265.85, 1687, 1857
260.52, 1653, 1880
255.18, 1634, 1879
249.85, 1623, 1852
244.51, 1624, 1813
238.95, 1588, 1836
233.84, 1564, 1847
228.51, 1576, 1856
222.95, 1623, 1942
217.84, 1668, 1906
212.28, 1617, 1995
206.95, 1572, 1936
201.83, 1538, 1884
196.50, 1528, 1935
190.94, 1584, 1913
185.83, 1608, 1887
180.27, 1581, 1890
175.16, 1593, 1912
169.60, 1518, 1948
164.49, 1420, 1979
159.15, 1462, 2003
153.82, 1502, 1946
148.48, 1516, 1877
142.93, 1571, 1896
137.82, 1601, 1875
132.48, 1612, 1869
127.15, 1592, 1929
121.59, 1601, 1967
116.48, 1640, 1952
111.14, 1689, 1905
105.81, 1672, 1928
100.69, 1664, 1936
95.14, 1693, 1924
90.02, 1628, 1849
84.47, 1537, 1886
79.13, 1560, 1815
73.80, 1575, 1836
68.46, 1623, 1854
63.13, 1633, 1877
57.79, 1588, 1882
52.46, 1580, 1882
47.35, 1615, 1854
41.79, 1629, 1831
36.45, 1585, 1873
31.12, 1570, 1912
25.78, 1589, 1922
20.45, 1595, 1952
15.12, 1586, 2030
9.78, 1648, 2003
4.67, 1587, 1964
-0.89, 1605, 1903
